#topology for Germany Network
50
88
1 30 62
1 47 121
1 49 74
2 48 68
2 35 54
2 50 175
3 9 139
3 32 166
3 38 57
4 12 167
4 21 175
4 32 148
4 33 126
4 44 173
5 6 142
5 23 91
5 36 62
5 45 130
6 22 148
6 23 57
6 26 128
6 33 76
7 8 51
7 23 100
7 39 43
8 16 148
9 12 60
9 14 133
10 17 26
10 24 83
10 34 46
11 15 30
11 26 144
11 36 52
11 45 78
12 14 188
12 32 100
13 15 29
13 30 35
14 26 113
14 32 102
14 50 153
15 49 46
16 28 64
17 19 85
17 20 50
17 29 90
18 25 123
18 31 109
19 20 72
19 26 85
19 50 89
20 26 102
20 45 59
21 44 141
22 23 134
22 28 86
22 44 96
23 40 115
24 25 67
24 29 109
24 43 57
25 34 54
25 43 103
25 46 59
27 31 86
27 35 105
28 44 124
29 30 76
29 45 67
29 47 94
31 46 120
32 33 103
33 44 157
35 38 163
35 41 147
35 42 102
36 40 45
37 39 86
37 49 252
38 42 100
38 50 80
39 40 93
39 49 229
41 42 111
43 47 63
46 48 76
46 50 132